00100000000000000000010000010011
00100000000000000000000100010011
11111111100000010000000100010011
00000000100000010001001110100011
00000000100000010000010000010011
00000000100000000000010100010011
11111110101001000001110110100011
11111111101101000000011110000011
00000000000001111000100101100011
11111111101001000000011100000011
11111111101101000000011110000011
00000000111101110000011110110011
11111110111101000001110100100011
11111111101101000000011110000011
11111111111101111000011110010011
11111110111101000001110110100011
00000000000000000000010011100011
11111111101001000000010100000011
00000000011100010000010000000011
00000000100000010000000100010011
